19
20
48643
48649
48725
48726
48727
48811
48812
48851
48854
48855
48856
48865
48866
48867
48868
48968
48969
48971
48972
49009
49035
49038
49044
49045
49046
49047
49080
49162
49170
49171
49174
49176
49188
49210
49211
49216
49217
49218
49219
49264
49265
49266
49351
49352
49392
49432
49433
49434
49435
49452
49662
49663
49669
49697
49699
49703
49727
49728
50
50024
50026
51
52
61384
61385
61386
61387
61421
61541
61590
61620
61634
61635
61639
61648
61689
67
72
74942
74943
74998
75007
75011
75018
75025
75035
75037
75038
75040
75043
75046
75048
75060
75061
79
80
81
84
